0.000000000000000000e+00 5.124451518058776855e-01 3.167086243629455566e-01
0.000000000000000000e+00 5.124451518058776855e-01 -3.167086243629455566e-01
0.000000000000000000e+00 -5.839691162109375000e-01 3.609127700328826904e-01
0.000000000000000000e+00 -5.839691162109375000e-01 -3.609127700328826904e-01
6.079237461090087891e-01 3.757175207138061523e-01 0.000000000000000000e+00
9.365604519844055176e-01 -5.788261294364929199e-01 0.000000000000000000e+00
-1.035580396652221680e+00 6.400238871574401855e-01 0.000000000000000000e+00
-8.470084667205810547e-01 -5.234799385070800781e-01 0.000000000000000000e+00
3.167086243629455566e-01 0.000000000000000000e+00 5.124451518058776855e-01
-7.293545007705688477e-01 0.000000000000000000e+00 1.180120348930358887e+00
3.167086243629455566e-01 0.000000000000000000e+00 -5.124451518058776855e-01
-7.516801357269287109e-01 0.000000000000000000e+00 -1.216244101524353027e+00
0.000000000000000000e+00 5.124451518058776855e-01 0.000000000000000000e+00
2.562225759029388428e-01 4.145768582820892334e-01 1.583543121814727783e-01
2.562225759029388428e-01 4.145768582820892334e-01 -1.583543121814727783e-01
-2.562225759029388428e-01 4.145768582820892334e-01 -1.583543121814727783e-01
-2.562225759029388428e-01 4.145768582820892334e-01 1.583543121814727783e-01
0.000000000000000000e+00 -6.457106471061706543e-01 0.000000000000000000e+00
3.534200489521026611e-01 -5.718457102775573730e-01 -2.184256017208099365e-01
3.534200489521026611e-01 -5.718457102775573730e-01 2.184256017208099365e-01
-3.868784010410308838e-01 -6.259823441505432129e-01 2.391039729118347168e-01
-3.868784010410308838e-01 -6.259823441505432129e-01 -2.391039729118347168e-01
1.372139930725097656e+00 0.000000000000000000e+00 0.000000000000000000e+00
7.501162290573120117e-01 -2.865189313888549805e-01 -4.635974168777465820e-01
5.776219367980957031e-01 2.206319272518157959e-01 -3.569899499416351318e-01
5.776219367980957031e-01 2.206319272518157959e-01 3.569899499416351318e-01
7.501162290573120117e-01 -2.865189313888549805e-01 4.635974168777465820e-01
-1.253473520278930664e+00 0.000000000000000000e+00 0.000000000000000000e+00
-8.378020524978637695e-01 -3.200119137763977051e-01 5.177901983261108398e-01
-9.171169400215148926e-01 3.503074944019317627e-01 5.668094158172607422e-01
-9.547374248504638672e-01 3.646772205829620361e-01 -5.900601744651794434e-01
-8.294240236282348633e-01 -3.168118000030517578e-01 -5.126122832298278809e-01
0.000000000000000000e+00 0.000000000000000000e+00 7.211918234825134277e-01
-3.265094459056854248e-01 -5.283034443855285645e-01 8.548128604888916016e-01
1.936091482639312744e-01 -3.132662177085876465e-01 5.068753957748413086e-01
1.583543121814727783e-01 2.562225759029388428e-01 4.145768582820892334e-01
-1.583543121814727783e-01 2.562225759029388428e-01 4.145768582820892334e-01
0.000000000000000000e+00 0.000000000000000000e+00 -7.284765839576721191e-01
-1.583543121814727783e-01 2.562225759029388428e-01 -4.145768582820892334e-01
1.583543121814727783e-01 2.562225759029388428e-01 -4.145768582820892334e-01
1.897563189268112183e-01 -3.070321977138519287e-01 -4.967885613441467285e-01
-3.298075199127197266e-01 -5.336398482322692871e-01 -8.634473085403442383e-01
