-2.237485041689524223e-08 0.000000000000000000e+00 -7.507753968238830566e-01
6.316624879837036133e-01 -4.589243233203887939e-01 -3.903938531875610352e-01
-3.830738067626953125e-01 -1.178999781608581543e+00 -6.198467016220092773e-01
-7.061198949813842773e-01 0.000000000000000000e+00 -3.530621528625488281e-01
-3.869432508945465088e-01 1.190908908843994141e+00 -6.261077523231506348e-01
5.487540960311889648e-01 3.986885845661163330e-01 -3.391530513763427734e-01
3.830737471580505371e-01 -1.178999781608581543e+00 6.198467016220092773e-01
-6.444877982139587402e-01 -4.682423472404479980e-01 3.983204364776611328e-01
-6.380429267883300781e-01 4.635599255561828613e-01 3.943372368812561035e-01
1.802694201469421387e-01 5.548214316368103027e-01 2.916916012763977051e-01
6.782959103584289551e-01 0.000000000000000000e+00 3.391501307487487793e-01
-2.237485041689524223e-08 0.000000000000000000e+00 7.507753968238830566e-01
-2.509957253932952881e-01 -7.724983692169189453e-01 -7.088455557823181152e-01
-1.335143446922302246e-01 -4.109218418598175049e-01 -6.991117000579833984e-01
-5.430696904659271240e-02 -1.671423912048339844e-01 -6.773439645767211914e-01
1.495075821876525879e-01 -1.086223572492599487e-01 -7.122513055801391602e-01
3.460565805435180664e-01 -2.514218389987945557e-01 -6.921203732490539551e-01
5.374696850776672363e-01 -3.904899656772613525e-01 -5.797693729400634766e-01
5.677297115325927734e-01 -7.275777459144592285e-01 -5.360963940620422363e-01
3.395850956439971924e-01 -1.045115590095520020e+00 -6.791702508926391602e-01
-3.790642693638801575e-02 -1.105225920677185059e+00 -6.424061059951782227e-01
6.546507477760314941e-01 2.378129512071609497e-01 -4.046015143394470215e-01
6.715586781501770020e-01 0.000000000000000000e+00 -4.150511920452117920e-01
6.352069377899169922e-01 -2.307496517896652222e-01 -3.925844430923461914e-01
1.588005721569061279e-01 1.153740286827087402e-01 -7.565228939056396484e-01
3.530829250812530518e-01 2.565267086029052734e-01 -7.061731815338134766e-01
5.009568929672241211e-01 3.639621734619140625e-01 -5.403829813003540039e-01
-6.381716728210449219e-01 0.000000000000000000e+00 -5.569205880165100098e-01
-4.452976286411285400e-01 0.000000000000000000e+00 -7.205092310905456543e-01
-1.962897032499313354e-01 0.000000000000000000e+00 -7.565223574638366699e-01
-5.486393570899963379e-01 -8.123111128807067871e-01 -5.694187283515930176e-01
-6.129424571990966797e-01 -4.453271031379699707e-01 -4.682519137859344482e-01
-6.430311203002929688e-01 -1.848144382238388062e-01 -3.886570036411285400e-01
-2.460009157657623291e-01 7.571256160736083984e-01 -6.947395205497741699e-01
-1.308574080467224121e-01 4.027445018291473389e-01 -6.851993799209594727e-01
-6.004869565367698669e-02 1.848139017820358276e-01 -7.489577531814575195e-01
-6.830001473426818848e-01 1.963020116090774536e-01 -4.128149151802062988e-01
-6.129424571990966797e-01 4.453271329402923584e-01 -4.682519137859344482e-01
-5.486393570899963379e-01 8.123111128807067871e-01 -5.694187283515930176e-01
-3.715208917856216431e-02 1.083231925964355469e+00 -6.296222209930419922e-01
1.731835603713989258e-01 5.329940915107727051e-01 -3.463671803474426270e-01
3.797951042652130127e-01 4.867290258407592773e-01 -3.586333096027374268e-01
6.694197654724121094e-01 -1.032991930842399597e-01 1.757472902536392212e-01
6.018873453140258789e-01 -1.955620944499969482e-01 -1.108614000600027794e-08
6.397289037704467773e-01 -3.291616737842559814e-01 -1.866723001003265381e-01
6.269983053207397461e-01 3.226113617420196533e-01 -1.829575151205062866e-01
6.790360808372497559e-01 2.206288725137710571e-01 1.250714021239218710e-08
7.110290527343750000e-01 1.097199916839599609e-01 1.866712570190429688e-01
2.173011004924774170e-01 -1.337590813636779785e+00 3.516121506690979004e-01
-3.588442964996829687e-08 -1.204081654548645020e+00 -2.109260677229940484e-08
-2.173011749982833862e-01 -1.337590813636779785e+00 -3.516121506690979004e-01
6.500662565231323242e-01 -6.449168920516967773e-01 -2.375949472188949585e-01
5.449916720390319824e-01 -7.501159906387329102e-01 1.624226442231702094e-08
5.863568782806396484e-01 -1.162189602851867676e+00 3.377578556537628174e-01
-6.461908221244812012e-01 -3.324865400791168213e-01 1.885578781366348267e-01
-5.958685874938964844e-01 -1.936064660549163818e-01 -1.097527846383172800e-08
-6.560983061790466309e-01 -1.012435406446456909e-01 -1.722499132156372070e-01
-5.863569378852844238e-01 -1.162189602851867676e+00 -3.377578556537628174e-01
-5.504966378211975098e-01 -7.576930522918701172e-01 1.640632696364718868e-08
-6.500662565231323242e-01 -6.449168920516967773e-01 2.375948876142501831e-01
-6.500662565231323242e-01 6.449168920516967773e-01 2.375949472188949585e-01
-6.530650258064270020e-01 8.988660573959350586e-01 -1.946314576173335809e-08
-5.982623696327209473e-01 1.185786724090576172e+00 -3.446157276630401611e-01
-6.899107694625854492e-01 1.064611971378326416e-01 -1.811269372701644897e-01
-6.790362000465393066e-01 2.206288725137710571e-01 1.250714021239218710e-08
-6.397289037704467773e-01 3.291616737842559814e-01 1.866723001003265381e-01
2.624083161354064941e-01 5.201070308685302734e-01 1.511544883251190186e-01
3.682667016983032227e-01 5.068752765655517578e-01 -1.097536994620895712e-08
4.665722846984863281e-01 4.628764092922210693e-01 -1.705291271209716797e-01
-2.173011749982833862e-01 1.337590813636779785e+00 -3.516121506690979004e-01
-3.967839745655510342e-08 1.331386089324951172e+00 2.332267179383507028e-08
1.777320653200149536e-01 1.094024896621704102e+00 2.875860333442687988e-01
6.430311203002929688e-01 -1.848144531250000000e-01 3.886570036411285400e-01
6.129424571990966797e-01 -4.453271329402923584e-01 4.682519137859344482e-01
5.486392378807067871e-01 -8.123111128807067871e-01 5.694187283515930176e-01
3.828923404216766357e-02 -1.116389870643615723e+00 6.488950848579406738e-01
-3.464801311492919922e-01 -1.066335797309875488e+00 6.929601430892944336e-01
-5.734644532203674316e-01 -7.349270582199096680e-01 5.415115356445312500e-01
-6.416231989860534668e-01 -2.330804616212844849e-01 3.965499401092529297e-01
-6.783422231674194336e-01 0.000000000000000000e+00 4.192436337471008301e-01
-6.546507477760314941e-01 2.378129512071609497e-01 4.046015143394470215e-01
-5.677298307418823242e-01 7.275777459144592285e-01 5.360963940620422363e-01
-3.464801311492919922e-01 1.066335678100585938e+00 6.929601430892944336e-01
3.641267865896224976e-02 1.061675667762756348e+00 6.170927286148071289e-01
3.386695981025695801e-01 5.014316439628601074e-01 3.514965176582336426e-01
5.433028936386108398e-01 3.947311639785766602e-01 4.150514006614685059e-01
6.694084405899047852e-01 1.923955827951431274e-01 4.045998752117156982e-01
5.485546588897705078e-02 -1.688306927680969238e-01 6.841858029365539551e-01
1.348629146814346313e-01 -4.150725603103637695e-01 7.061734199523925781e-01
2.535309493541717529e-01 -7.803013920783996582e-01 7.160056233406066895e-01
6.192173361778259277e-01 0.000000000000000000e+00 5.403795242309570312e-01
4.408446550369262695e-01 0.000000000000000000e+00 7.133041620254516602e-01
1.943267285823822021e-01 0.000000000000000000e+00 7.489571571350097656e-01
-1.495076566934585571e-01 -1.086223572492599487e-01 7.122513055801391602e-01
-3.495521247386932373e-01 -2.539614439010620117e-01 6.991114616394042969e-01
-5.428986549377441406e-01 -3.944343030452728271e-01 5.856256484985351562e-01
-1.588006466627120972e-01 1.153740286827087402e-01 7.565228939056396484e-01
-3.530829548835754395e-01 2.565267086029052734e-01 7.061731815338134766e-01
-5.320950150489807129e-01 3.865850567817687988e-01 5.739716887474060059e-01
5.885366722941398621e-02 1.811361014842987061e-01 7.340534925460815430e-01
1.207479164004325867e-01 3.716303706169128418e-01 6.322640776634216309e-01
1.612927317619323730e-01 4.964164495468139648e-01 4.555124044418334961e-01
2.973460257053375244e-01 2.160343229770660400e-01 7.350879907608032227e-01
5.405552983283996582e-01 2.226481437683105469e-01 6.129038929939270020e-01
3.495262265205383301e-01 4.108947217464447021e-01 5.655549764633178711e-01
-1.048031747341156006e-01 3.225450813770294189e-01 6.782994270324707031e-01
-4.701757803559303284e-02 6.129385232925415039e-01 6.444924473762512207e-01
-3.422737717628479004e-01 5.560504794120788574e-01 6.845521330833435059e-01
-3.712526261806488037e-01 0.000000000000000000e+00 7.425130009651184082e-01
-5.797238945960998535e-01 1.403963714838027954e-01 6.253491044044494629e-01
-5.403404831886291504e-01 -1.308586001396179199e-01 5.828663110733032227e-01
-1.058617979288101196e-01 -3.258031010627746582e-01 6.851509213447570801e-01
-3.492233157157897949e-01 -5.673405528068542480e-01 6.984513401985168457e-01
-4.944065958261489868e-02 -6.445267796516418457e-01 6.777067780494689941e-01
2.885145545005798340e-01 -2.096178978681564331e-01 7.132551670074462891e-01
4.146499037742614746e-01 -4.874524474143981934e-01 6.709289550781250000e-01
5.245003104209899902e-01 -2.160352468490600586e-01 5.947000384330749512e-01
6.278041005134582520e-01 3.098371922969818115e-01 2.013482302427291870e-01
5.493142604827880859e-01 3.990970551967620850e-01 0.000000000000000000e+00
4.554789662361145020e-01 4.672719538211822510e-01 1.876704543828964233e-01
-1.934779733419418335e-01 1.331477165222167969e+00 3.869559168815612793e-01
-4.326230883598327637e-01 1.331479310989379883e+00 -6.887614176775969099e-07
-6.075052618980407715e-01 1.155536890029907227e+00 3.754631578922271729e-01
-7.040331363677978516e-01 1.207495406270027161e-01 2.054361999034881592e-01
-6.927739977836608887e-01 -2.499384379461844219e-07 4.317117259233782534e-07
-6.628330945968627930e-01 -1.136834397912025452e-01 1.934145241975784302e-01
-5.954169034957885742e-01 -1.132541298866271973e+00 3.679909110069274902e-01
-4.032339155673980713e-01 -1.241025447845458984e+00 -1.027151483867783099e-06
-1.934790015220642090e-01 -1.331477165222167969e+00 3.869554996490478516e-01
6.540355682373046875e-01 -6.709701418876647949e-01 2.694802880287170410e-01
5.438207387924194336e-01 -3.951066732406616211e-01 -1.278716240449284669e-06
6.470212936401367188e-01 -3.193222284317016602e-01 2.075102180242538452e-01
1.698962748050689697e-01 5.228865742683410645e-01 -1.434966308646624944e-14
2.718730568885803223e-01 5.171293020248413086e-01 -1.680288016796112061e-01
1.647389233112335205e-01 1.133696556091308594e+00 -3.294771313667297363e-01
-6.386936306953430176e-01 4.640356898307800293e-01 -6.189425599649467369e-14
-6.540339589118957520e-01 6.709711551666259766e-01 -2.694813907146453857e-01
-6.470205783843994141e-01 3.193228542804718018e-01 -2.075116038322448730e-01
-5.493138432502746582e-01 -3.990977704524993896e-01 5.452271460378889378e-14
-6.470205783843994141e-01 -3.193228840827941895e-01 -2.075116038322448730e-01
-6.540339589118957520e-01 -6.709711551666259766e-01 -2.694813907146453857e-01
3.992015123367309570e-01 -1.228615164756774902e+00 3.617158994746218215e-14
1.934786885976791382e-01 -1.331476926803588867e+00 -3.869565427303314209e-01
6.014308929443359375e-01 -1.143980979919433594e+00 -3.717091381549835205e-01
7.068400979042053223e-01 0.000000000000000000e+00 0.000000000000000000e+00
6.628332138061523438e-01 -1.136832237243652344e-01 -1.934141814708709717e-01
7.040331363677978516e-01 1.207494810223579407e-01 -2.054362595081329346e-01
2.716331779956817627e-01 4.412901699542999268e-01 -5.432698726654052734e-01
1.037547215819358826e-01 3.193207085132598877e-01 -6.715154647827148438e-01
4.338477924466133118e-02 5.655869841575622559e-01 -5.947009325027465820e-01
-4.105049073696136475e-01 4.825769960880279541e-01 -6.642196178436279297e-01
-2.943734526634216309e-01 2.138735949993133545e-01 -7.277368903160095215e-01
-5.515320897102355957e-01 2.271676659584045410e-01 -6.253478527069091797e-01
-5.245012640953063965e-01 -2.160349041223526001e-01 -5.946993827819824219e-01
-2.856303453445434570e-01 -2.075227946043014526e-01 -7.061218619346618652e-01
-4.146514236927032471e-01 -4.874528646469116211e-01 -6.709278225898742676e-01
5.739270448684692383e-01 1.389922052621841431e-01 -6.190952658653259277e-01
5.349377989768981934e-01 -1.295505464076995850e-01 -5.770368576049804688e-01
3.712535798549652100e-01 -6.126160201347374823e-07 -7.425124645233154297e-01
4.894690215587615967e-02 -6.380819678306579590e-01 -6.709291934967041016e-01
1.069321557879447937e-01 -3.290947079658508301e-01 -6.920707821846008301e-01
3.457323312759399414e-01 -5.616677999496459961e-01 -6.914657354354858398e-01
