000 4.2350041866e-01 3.1883437186e-03 -7.3972060345e-03
001 3.3938714862e-01 -1.1183890700e-01 4.1604945064e-01
002 -2.3564647138e-01 1.3530502096e-02 3.5998070240e-01
003 -4.1193223000e-01 -8.5599958897e-01 -4.0424442291e-01
004 5.1790618896e-01 -8.7469547987e-01 -4.1747659445e-01
005 -3.1318891048e-01 5.0791252404e-02 -3.3224734664e-01
006 -4.0731233358e-01 -8.5788232088e-01 4.1363880038e-01
007 1.5777796507e-01 -9.0756684542e-02 -3.9133808017e-01
008 -3.8327038288e-01 5.7651966810e-01 -8.2664843649e-03
009 -4.2485779524e-01 8.9301538467e-01 -3.4919407964e-01
010 -4.2490142584e-01 8.7391775846e-01 3.6526206136e-01
011 4.9995186925e-01 -8.6497205496e-01 4.2569160461e-01
