0.0000e+00 0.0000e+00 1.2661e+00
0.0000e+00 0.0000e+00 -1.3584e+00
0.0000e+00 8.5556e-01 0.0000e+00
0.0000e+00 8.9966e-01 -5.5602e-01
0.0000e+00 5.1245e-01 3.1671e-01
0.0000e+00 -9.5558e-01 0.0000e+00
0.0000e+00 -9.3656e-01 -5.7883e-01
0.0000e+00 -9.3656e-01 5.7883e-01
-4.2830e-01 -6.9300e-01 -1.1213e+00
-4.1558e-01 -6.7242e-01 1.0880e+00
-3.4334e-01 5.5553e-01 -8.9887e-01
-1.5835e-01 2.5622e-01 4.1458e-01
-5.0749e-01 -8.2113e-01 -3.1364e-01
-5.5553e-01 -8.9887e-01 3.4334e-01
-4.1927e-01 6.7839e-01 -2.5912e-01
-2.6407e-01 4.2727e-01 1.6320e-01
-4.6400e-01 0.0000e+00 7.5078e-01
-5.3411e-01 0.0000e+00 -8.6421e-01
-6.3869e-01 -2.4396e-01 -3.9473e-01
-6.8524e-01 -2.6174e-01 4.2350e-01
-5.1717e-01 1.9754e-01 -3.1963e-01
-4.1458e-01 1.5835e-01 2.5622e-01
6.7899e-01 0.0000e+00 0.0000e+00
6.7899e-01 -4.1964e-01 0.0000e+00
6.0184e-01 3.7196e-01 0.0000e+00
-5.4980e-01 0.0000e+00 0.0000e+00
-7.2848e-01 -4.5022e-01 0.0000e+00
-5.1245e-01 3.1671e-01 0.0000e+00
6.9916e-01 -2.6705e-01 -4.3210e-01
7.2784e-01 -2.7801e-01 4.4983e-01
7.1335e-01 2.7248e-01 -4.4088e-01
5.6613e-01 2.1624e-01 3.4989e-01
5.3411e-01 0.0000e+00 8.6421e-01
5.9654e-01 0.0000e+00 -9.6523e-01
5.2302e-01 -8.4626e-01 -3.2324e-01
5.4997e-01 -8.8988e-01 3.3990e-01
5.1779e-01 8.3780e-01 -3.2001e-01
3.2286e-01 5.2239e-01 1.9954e-01
4.3262e-01 -7.0000e-01 -1.1326e+00
4.3262e-01 -7.0000e-01 1.1326e+00
3.6836e-01 5.9602e-01 -9.6438e-01
1.8598e-01 3.0092e-01 4.8690e-01
