-0.0000e+00 0.0000e+00 0.0000e+00 -0.0000e+00 0.0000e+00 -8.8037e-01 1.1728e+00 -0.0000e+00 -0.0000e+00 -0.0000e+00 -0.0000e+00 0.0000e+00 0.0000e+00 0.0000e+00 -0.0000e+00 -0.0000e+00 -0.0000e+00 -0.0000e+00 -0.0000e+00 0.0000e+00 -0.0000e+00 0.0000e+00 0.0000e+00 -5.6699e-01 -0.0000e+00 -0.0000e+00 0.0000e+00 0.0000e+00 2.2857e+00 -0.0000e+00 -0.0000e+00 -0.0000e+00 0.0000e+00 0.0000e+00 1.4126e+00 0.0000e+00 -0.0000e+00 0.0000e+00 0.0000e+00 0.0000e+00 -0.0000e+00 -0.0000e+00
0.0000e+00 0.0000e+00 0.0000e+00 0.0000e+00 0.0000e+00 -0.0000e+00 -0.0000e+00 5.0522e-01 -0.0000e+00 0.0000e+00 0.0000e+00 0.0000e+00 0.0000e+00 1.5494e+00 0.0000e+00 -0.0000e+00 3.0048e-01 -0.0000e+00 0.0000e+00 1.9441e+00 0.0000e+00 0.0000e+00 -0.0000e+00 0.0000e+00 0.0000e+00 0.0000e+00 -4.5748e-02 -0.0000e+00 0.0000e+00 0.0000e+00 -0.0000e+00 -0.0000e+00 -0.0000e+00 0.0000e+00 0.0000e+00 0.0000e+00 -0.0000e+00 0.0000e+00 0.0000e+00 -0.0000e+00 0.0000e+00 0.0000e+00
0.0000e+00 3.4028e-01 0.0000e+00 -0.0000e+00 -0.0000e+00 -0.0000e+00 -0.0000e+00 -0.0000e+00 -0.0000e+00 0.0000e+00 1.7437e+00 0.0000e+00 0.0000e+00 0.0000e+00 0.0000e+00 -0.0000e+00 -0.0000e+00 1.4561e-01 -0.0000e+00 0.0000e+00 -0.0000e+00 0.0000e+00 -0.0000e+00 0.0000e+00 0.0000e+00 0.0000e+00 -0.0000e+00 -0.0000e+00 -0.0000e+00 0.0000e+00 -0.0000e+00 -0.0000e+00 -0.0000e+00 1.1964e+00 0.0000e+00 -0.0000e+00 -0.0000e+00 -0.0000e+00 -0.0000e+00 0.0000e+00 2.2416e+00 -0.0000e+00
0.0000e+00 0.0000e+00 0.0000e+00 -1.5734e-01 -0.0000e+00 -0.0000e+00 -0.0000e+00 -0.0000e+00 -0.0000e+00 0.0000e+00 0.0000e+00 0.0000e+00 -0.0000e+00 0.0000e+00 0.0000e+00 0.0000e+00 -0.0000e+00 -0.0000e+00 -0.0000e+00 -0.0000e+00 -0.0000e+00 -0.0000e+00 0.0000e+00 -0.0000e+00 0.0000e+00 -0.0000e+00 0.0000e+00 -0.0000e+00 -0.0000e+00 -0.0000e+00 3.4071e+00 -0.0000e+00 0.0000e+00 -2.7259e-02 -0.0000e+00 0.0000e+00 3.7456e+00 0.0000e+00 0.0000e+00 -0.0000e+00 -1.6246e-01 -0.0000e+00
0.0000e+00 0.0000e+00 -0.0000e+00 -0.0000e+00 0.0000e+00 -0.0000e+00 0.0000e+00 0.0000e+00 0.0000e+00 0.0000e+00 0.0000e+00 6.0325e-01 -0.0000e+00 -0.0000e+00 -0.0000e+00 0.0000e+00 0.0000e+00 0.0000e+00 0.0000e+00 0.0000e+00 2.8049e-01 2.7810e+00 0.0000e+00 0.0000e+00 -0.0000e+00 1.3897e+00 0.0000e+00 1.0270e+00 -0.0000e+00 0.0000e+00 0.0000e+00 0.0000e+00 0.0000e+00 -0.0000e+00 -0.0000e+00 0.0000e+00 0.0000e+00 -0.0000e+00 0.0000e+00 0.0000e+00 0.0000e+00 0.0000e+00
-0.0000e+00 -0.0000e+00 0.0000e+00 0.0000e+00 -0.0000e+00 -0.0000e+00 0.0000e+00 -0.0000e+00 0.0000e+00 0.0000e+00 -0.0000e+00 1.2114e+00 -0.0000e+00 0.0000e+00 0.0000e+00 0.0000e+00 0.0000e+00 -0.0000e+00 0.0000e+00 0.0000e+00 -0.0000e+00 0.0000e+00 0.0000e+00 0.0000e+00 0.0000e+00 -0.0000e+00 0.0000e+00 -0.0000e+00 -0.0000e+00 3.6038e-01 -0.0000e+00 5.8245e-01 5.6513e-01 -0.0000e+00 0.0000e+00 -0.0000e+00 -0.0000e+00 0.0000e+00 -0.0000e+00 -0.0000e+00 -0.0000e+00 1.2078e+00
0.0000e+00 0.0000e+00 -0.0000e+00 0.0000e+00 -0.0000e+00 2.0287e+00 0.0000e+00 7.4401e-01 0.0000e+00 0.0000e+00 0.0000e+00 0.0000e+00 0.0000e+00 0.0000e+00 -0.0000e+00 0.0000e+00 -0.0000e+00 0.0000e+00 0.0000e+00 0.0000e+00 -0.0000e+00 0.0000e+00 0.0000e+00 1.5062e+00 -0.0000e+00 -0.0000e+00 0.0000e+00 -0.0000e+00 0.0000e+00 2.1511e-01 0.0000e+00 0.0000e+00 0.0000e+00 -0.0000e+00 0.0000e+00 1.7075e+00 -0.0000e+00 -0.0000e+00 0.0000e+00 0.0000e+00 -0.0000e+00 0.0000e+00
-0.0000e+00 -0.0000e+00 0.0000e+00 -0.0000e+00 0.0000e+00 -2.4969e-02 3.1148e-01 0.0000e+00 -0.0000e+00 -0.0000e+00 -0.0000e+00 -0.0000e+00 2.0877e+00 0.0000e+00 -0.0000e+00 -0.0000e+00 0.0000e+00 0.0000e+00 2.3358e+00 0.0000e+00 -0.0000e+00 0.0000e+00 0.0000e+00 0.0000e+00 0.0000e+00 -0.0000e+00 2.5169e-01 0.0000e+00 0.0000e+00 -0.0000e+00 -0.0000e+00 0.0000e+00 0.0000e+00 0.0000e+00 0.0000e+00 -0.0000e+00 -0.0000e+00 0.0000e+00 -0.0000e+00 0.0000e+00 -0.0000e+00 0.0000e+00
1.1744e+00 0.0000e+00 -0.0000e+00 0.0000e+00 0.0000e+00 0.0000e+00 -0.0000e+00 -0.0000e+00 0.0000e+00 8.1163e-01 0.0000e+00 0.0000e+00 0.0000e+00 0.0000e+00 -0.0000e+00 0.0000e+00 3.5394e-01 -0.0000e+00 0.0000e+00 -0.0000e+00 0.0000e+00 0.0000e+00 0.0000e+00 0.0000e+00 -0.0000e+00 0.0000e+00 0.0000e+00 -0.0000e+00 0.0000e+00 -0.0000e+00 -0.0000e+00 -0.0000e+00 5.4288e-01 -0.0000e+00 -0.0000e+00 0.0000e+00 -0.0000e+00 0.0000e+00 0.0000e+00 1.2076e+00 -0.0000e+00 0.0000e+00
0.0000e+00 0.0000e+00 -0.0000e+00 -4.0950e-02 0.0000e+00 -0.0000e+00 -0.0000e+00 -0.0000e+00 -0.0000e+00 0.0000e+00 3.1133e-01 -0.0000e+00 -0.0000e+00 -0.0000e+00 3.3807e+00 0.0000e+00 -0.0000e+00 3.4970e-01 -0.0000e+00 -0.0000e+00 4.4917e+00 -0.0000e+00 -0.0000e+00 0.0000e+00 0.0000e+00 0.0000e+00 -0.0000e+00 0.0000e+00 0.0000e+00 -0.0000e+00 0.0000e+00 0.0000e+00 -0.0000e+00 0.0000e+00 -0.0000e+00 -0.0000e+00 0.0000e+00 -0.0000e+00 0.0000e+00 0.0000e+00 0.0000e+00 -0.0000e+00
-0.0000e+00 4.3588e-01 0.0000e+00 -0.0000e+00 -0.0000e+00 -0.0000e+00 -8.1626e-01 0.0000e+00 1.7882e+00 -0.0000e+00 -0.0000e+00 -0.0000e+00 -0.0000e+00 -0.0000e+00 -0.0000e+00 -0.0000e+00 0.0000e+00 -0.0000e+00 0.0000e+00 0.0000e+00 -0.0000e+00 0.0000e+00 -0.0000e+00 -0.0000e+00 0.0000e+00 -0.0000e+00 -0.0000e+00 -0.0000e+00 0.0000e+00 0.0000e+00 0.0000e+00 -0.0000e+00 0.0000e+00 -2.7859e-01 -0.0000e+00 0.0000e+00 -0.0000e+00 -0.0000e+00 1.3294e+00 0.0000e+00 -0.0000e+00 0.0000e+00
-0.0000e+00 -0.0000e+00 0.0000e+00 0.0000e+00 0.0000e+00 0.0000e+00 0.0000e+00 -0.0000e+00 0.0000e+00 -0.0000e+00 0.0000e+00 0.0000e+00 0.0000e+00 0.0000e+00 0.0000e+00 0.0000e+00 -0.0000e+00 -0.0000e+00 -0.0000e+00 -0.0000e+00 0.0000e+00 0.0000e+00 2.9182e+00 1.2730e-01 2.7719e+00 -0.0000e+00 0.0000e+00 0.0000e+00 0.0000e+00 -0.0000e+00 0.0000e+00 2.7853e+00 0.0000e+00 -0.0000e+00 -0.0000e+00 -0.0000e+00 0.0000e+00 6.3886e-01 0.0000e+00 -0.0000e+00 -0.0000e+00 0.0000e+00
