000 0.23718690872192383 -0.14142738282680511 -0.7210648059844971
001 -0.33528149127960205 -0.4641915261745453 0.4474535584449768
002 0.05299663171172142 0.2698027491569519 -0.8174029588699341
003 0.24157844483852386 0.34917184710502625 -0.44694915413856506
004 -0.1652487963438034 -0.12745226919651031 -0.027655450627207756
005 0.17404799163341522 -0.5102210640907288 -0.001710362732410431
006 0.3093872368335724 -0.3978978991508484 0.6088493466377258
007 -0.22491852939128876 -0.4545106887817383 -0.47602513432502747
008 0.045456867665052414 -0.34734687209129333 1.0
009 -0.12078886479139328 0.31087061762809753 -0.5349475145339966
010 0.027348054572939873 -0.4365191161632538 -0.943634033203125
011 0.24592852592468262 -0.07344766706228256 -0.02293197438120842
